Matrice des scores : 

[1835.0	196.0	204.0	193.0	210.0	182.0	184.0	192.0	80.0	203.0	198.0	647.0	]
[196.0	1835.0	52.0	239.0	233.0	208.0	200.0	247.0	198.0	258.0	223.0	658.0	]
[204.0	52.0	1835.0	252.0	234.0	233.0	218.0	260.0	220.0	258.0	224.0	664.0	]
[193.0	239.0	252.0	1835.0	76.0	182.0	193.0	0.0	242.0	89.0	75.0	623.0	]
[210.0	233.0	234.0	76.0	1835.0	173.0	186.0	84.0	230.0	99.0	27.0	640.0	]
[182.0	208.0	233.0	182.0	173.0	1835.0	56.0	196.0	197.0	201.0	174.0	632.0	]
[184.0	200.0	218.0	193.0	186.0	56.0	1835.0	207.0	189.0	213.0	187.0	648.0	]
[192.0	247.0	260.0	0.0	84.0	196.0	207.0	1835.0	241.0	74.0	83.0	631.0	]
[80.0	198.0	220.0	242.0	230.0	197.0	189.0	241.0	1835.0	249.0	230.0	652.0	]
[203.0	258.0	258.0	89.0	99.0	201.0	213.0	74.0	249.0	1835.0	98.0	626.0	]
[198.0	223.0	224.0	75.0	27.0	174.0	187.0	83.0	230.0	98.0	1835.0	634.0	]
[647.0	658.0	664.0	623.0	640.0	632.0	648.0	631.0	652.0	626.0	634.0	1835.0	]



Arbre guide au format newick : 

(((((((Setonix_SWS tr:37.00,Tarsipes_SWS tr:37.00):-14.75,Macropus_SWS tr:22.25):19.38,(Monodelphis_SWS tr:13.50,Thylamys_SWS tr:13.50):28.12):52.34,(Mus_SWS sp:28.00,Rattus_SWS sp:28.00):65.97):7.58,(bovin_SWS sp:40.00,Sus_SWS tr:40.00):61.55):6.37,(Homo_SWS sp:26.00,Macaca_SWS tr:26.00):81.91):217.98,Danio sp:325.90):0.00



Alignement multiple : 

Monodelphis_SWS tr : 	MR----KMS-EEEE---------F-YLFKNLS-SV-KPWDGPQYHIAPVWAFY-LQAAFMG-TVF-L-AG-FPLNAMVL-VATVRYKKLRQPLNYILVNVSFGGFLL-CIFSVF---PVFV-NSC--KGYFVF-GRH-VCAFEA-FLG-TVA-GLVTGWSLAFLAFERYIVICKPFGNFRFSS-KHALTV----VLATWTIGIGVSI--PPFFGWSRFIPEGL-QCSCGPDWYTVGTK---YRSESY-TW-FLFIFCFIVPLS--LICFSYT-QLLR--ALKAVAAQQQESATTQKAEREVSRMVVVMVGSFCVCYVPYAAFAMYMVNN-R-NHGLD--LRLVTIPAFFSKSACIYNPIIYC-FMNKQFQA-HIMKMVC--G-KAMTDESDIS---SSQKTEVSTVSSSQVGPN-
Thylamys_SWS tr : 	MR----KMS-EEE----------F-YLFKNIS-SVG-PWDGPQYHIAPVWAFY-LQAAFMG-TVF-L-IG-FPLNAMVL-VATLRYKKLRQPLNYILVNVSFGGFLL-CIFSVF---PVFVA-SC--NGYFVF-GRH-VCALEG-FLG-TVA-GLVTGWSLAFLAFERYIVICKPFGNFRFSS-KHALTV----VLATWTIGIGVSI--PPFFGWSRFIPEGL-QCSCGPDWYTVGTK---YRSESY-TW-FLFIFCFIVPLS--LICFSYT-QLLR--ALKAVAAQQQESATTQKAEREVSRMVVVMVGSFCVCYVPYAAFAMYMVNN-R-NHGLD--LRLVTIPSFFSKSACIYNPIIYC-FMNKQFQAC-IMKMVC--G-KAMTDESD-TC--SSQKTEVSTVSSTQVGPN-
Macropus_SWS tr : 	M-------SGDEE----------F-YLFKNIS-SVG-PWDGPQYHIAPAWAFH-LQTVFMGF-VF--CAGT-PLNAVVL-VATLRYKKLRQPLNYILVNVSFSGFIF-CIFAVF---TVFISSS---QGYFIF-GHH-VCAMEA-FLG-SVA-GLVTGWSLAFLAFERFIVICKPFGNFRFNS-KHAMMV----VLATWVIGIGVSI--PPFFGWSRFIPEGL-QCSCGPDWYTVGTK---YRSE-YYTW-FLFIFCFIVPL-F-LICFSYS-QLL-G-ALRAVAAQQQESATTQKAEREVSRMVVMMVGSFCLCYVPYAALAMYMVNN-R-NHGLD--LRLVTIPAFFSKSACVYNPIIYC-FMNKQFHAC-IMEMVCR---KPMTDDSDVS---SSQKTEVSAVSSSQVGPS-
Homo_SWS sp : 	M-------SGDEE----------F-YLFKNIS-SVG-PWDGPQYHIAPAWAFH-FQTVFMGF-VF--CAGT-PLNAVVL-VATLRYKKLRQPLNYILVNVSLCGFIF-CLFAVF---TVFISSS---QGYFIF-GRH-VCAMEA-FLG-SVA-GLVTGWSLAFLAFERFIVICKPFGNFRFNS-KHAMMV----VLATWVIGIGVSI--PPFFGWSRFIPEGL-QCSCGPDWYTVGTK---YRSE-YYTW-FLFIFCFIMPL-F-LICFSYS-QLLR--ALRAVAAQQQESATTQKAEREVSRMVVMMVGSFCLCYVPYAALAMYMVNN-R-NHGLD--LRLVTIPAFFSKSACVYNPIIYC-FMNKQFHAC-IMEMVCR---KPMTDDSNVS---SSQKTEVSAVSSSQVGPS-
Macaca_SWS tr : 	M-------SGDEE----------F-YLFKNIS-SVG-PWDGPQYHIAPAWAFH-CQTVFMGF-VFF--AGT-PLNAVVL-IATFRYKKLRQPLNYILVNISLAGFIY-CIFSVF---TVFISSS---QGYFIF-GRH-VCAMEG-FLG-SVA-GLVTGWSLAFLAFERFIVICKPFGNFRFNS-KHSMMV----VLATWVIGIGVSI--PPFFGWSRYIPEGL-QCSCGPDWYTVGTK---YRSE-YYTW-FLFILCFIMPLS--LICFSYS-QLL-G-ALRAVAAQQQESATTQKAEREVSRMVVMMVGSFCLCYVPYAALAMYMVNN-R-NHGID--LRLVTIPAFFSKSSCVYNPIIYC-FMNKQFHAC-IMEMVCR---KPMTDDSEAS---SSQKTEVSTVSSSQVGPS-
Mus_SWS sp : 	M-------SGEDE----------F-YLFQNIS-SVG-PWDGPQYHIAPVWAFH-LQAAFMGF-VFF--AGT-PLNATVL-VATLHYKKLRQPLNYILVNVSLGGFLF-CIFSVF---TVFIA-SC--HGYFLF-GRH-VCALEA-FLG-SVA-GLVTGWSLAFLAFERYLVICKPFGNIRFNS-KHALTV----VLITWTIGIGVSI--PPFFGWSRFIPEGL-QCSCGPDWYTVGTK---YRSE-HYTW-FLFIFCFIIPLS--LICFSY-FQLLR--TLRAVAAQQQESATTQKAEREVSHMVVVMVGSFCLCYVPYAALAMYMVNN-R-NHGL-Y-LRLVTIPAFFSKSSCVYNPIIYC-FMNKQFRAC-ILEMVCR---KPMTDESDMS---GSQKTEVSTVSSSKVGPH-
Rattus_SWS sp : 	M-------SGEDD----------F-YLFQNIS-SVG-PWDGPQYHLAPVWAFR-LQAAFMGF-VFF--VGT-PLNAIVL-VATLHYKKLRQPLNYILVNVSLGGFLF-CIFSVF---TVFIA-SC--HGYFLF-GRH-VCALEA-FLG-SVA-GLVTGWSLAFLAFERYVVICKPFGSIRFNS-KHALMV----VLATWIIGIGVSI--PPFFGWSRFIPEGL-QCSCGPDWYTVGTK---YRSE-YYTW-FLFIFCFIIPLS--LICFSYS-QLLR--TLRAVAAQQQESATTQKAEREVSHMVVVMVGSFCLCYVPYAALAMYMVNN-R-NHGLD--LRLVTIPAFFSKSSCVYNPIIYC-FMNKQFRAC-ILEMVCR---KPMADESDVS---GSQKTEVSTVSSSKVGPH-
Setonix_SWS tr : 	M-------SGDEE----------F-YLFKDIS-SVG-PWDGPQYHIAPAWAFH-FQTTFMGF-VFF--AGT-PLNAVVL-IATLRYKKLRQPLNYILVNISLAGFIF-CVISVF---TVFISSS---QGYFIF-GRH-VCAMEA-FLG-SVA-GLVTGWSLAFLAFERFIVICKPFGNFRFSS-KHAMMV----VLATWVIGIGVSI--PPFFGWSRYIPEGL-QCSCGPDWYTVGTK---YHSE-YYT-GFLFIFCFIVPLS--LICFSYS-QLL-G-ALRAVAAQQQESATTQKAEREVSRMVVVMVGSFCLCYVPYAALAMYMVNN-R-NHGLD--LRLVTIPAFFSKSACVYNPIVY-WFMNKQFHAC-IMEMVCR---KPMTDDSEIS---SSQKTEVSTVSSSQVGPS-
Tarsipes_SWS tr : 	M-------SGDEE----------F-YLFKNIS-SVG-PWDGPQYHIAPAWAFHC-QTVFMGF-VFF--AGT-PLNAVVL-IATFRYKKLRQPLNYILVNISLAGFIY-CIISVF---TVFISSS---QGYFIF-GRH-VCAMEG-FLG-SVA-GLVTGWSLAFLAFERFIVICKPFGNFRFNS-KHSMMV----VLATWVIGIGVSI--PPFFGWSRYIPEGL-QCSCGPDWYTVGTK---YHSE-YYTW-FLFILCFIMPLS--LICFSYS-QLL-G-ALRAVAAQQQESATTQKAEREVSRMVVMMVGSFCLCYVPYAALAMYMVNN-R-NHGID--LRLVTIPAFFSKSACVYNPIIYC-FMNKQFHAC-IMEMVCR---KPMTDDSEAS---SSQKTEVSTVSSSQVGPS-
bovin_SWS sp : 	M-SKMP--E-EEE-EE-------F-LLFKNISL-VG-PWDGPQYHLAPVWVFH-LQAAFMGF-VFL--VGT-PLNATVL-VATLRYRKLRQPLNYILVNVSLGGFIY-CIFSVF---SVFIA-SC--HGYFVF-GRR-VCAMEA-FLG-S-AAGLVTGWSLAFLAFERYIIICKPFGNFRFSS-KHAL-IA---VLATWAIGIGVSI--PPFFGWSRFLPEGL-QCSCGPDWYTVGTK---YYSE-YYTW-FLFIFCYIVPLA--LICFSYS-QLL--RALRAVAAQQQESASTQKAEREVSHMVVVMVGSFCVCYTPYAALAMYIVNN-R-NHGVT--LRLVTIPAFFSKSACIYNPIIYC-FMNKQFRAC-IMEMVC--G-KPMTDESDMS---SSQKTEVSTVSSTQVGPN-
Sus_SWS tr : 	M-SKM---S-EEE-E--------F-LLFKNISL-VG-PWDGPQYHLAPVWAFH-LQAVFMGF-VFF--VGT-PLNATVL-VATLRYRKLRQPLNYILVNVSLGGFIY-CIFSVFI---VFIT-SC--YGYFVF-GRH-VCALEA-FLGCT-A-GLVTGWSLAFLAFERYIIICKPFGNFRFSS-KHALMV----VVATWTIGIGVSI--PPFFGWSRFVPEGL-QCSCGPDWYTVGTK---YYSE-YYTW-FLFIFCYIVPLS--LICFSYS-QLL-G-ALRAVAAQQQESASTQKAEREVSHMVVVMVGSFCLCYTPYAALAMYIVNN-R-NHGVD--LRLVTIPAFFSKSACVYNPIIYC-FMNKQFRAC-IMEMVC--G-KPMTDESELS---SSQKTEVSTVSSSQVGPN-
Danio sp : 	----------------MDAWAVQFG----NAS-KVS-PFEGEQYHIAPKWAFY-LQAAFMGF-VFI--VGT-PMNGIVLFV-TMKYKKLRQPLNYILVNISLAGFIFD-TFSV--SQ-VFV---CAARGYY-FLG-YTLCAMEAA-MG-SIA-GLVTGWSLAVLAFERYVVICKPFGSFKFGQGQ-A--V-GAVVF-TW-I-IGTACATPPFFGWSRYIPEGLGT-ACGPDWYT---KSEEYNSESY-TY-FLLITCFMMPMT-III-FSYS-QLL-G-ALRAVAAQQAESESTQKAEREVSRMVVVMVGSFVLCYAPYAVTAMYFANSDEPNK--D-Y-RLVAIPAFFSKSSCVYNPLIYA-FMNKQFNAC-IMETV--FGKK-I-DES--S-EVSS-KTE--T-SS--V--SA



Matrice des positions conservées : 

[0	8	35	34	38	33	32	39	39	39	36	119	]
[8	0	35	34	36	33	32	39	37	39	36	119	]
[35	35	0	3	11	22	21	14	12	34	27	114	]
[34	34	3	0	12	19	18	15	13	33	28	115	]
[38	36	11	12	0	21	20	9	3	35	28	109	]
[33	33	22	19	21	0	5	24	24	32	27	114	]
[32	32	21	18	20	5	0	23	23	29	24	111	]
[39	39	14	15	9	24	23	0	8	36	29	112	]
[39	37	12	13	3	24	23	8	0	36	29	112	]
[39	39	34	33	35	32	29	36	36	0	13	120	]
[36	36	27	28	28	27	24	29	29	13	0	113	]
[119	119	114	115	109	114	111	112	112	120	113	0	]



Arbre newick arpès NJ: 

((((bovin_SWS sp:9.12,Sus_SWS tr:3.88):10.06,((((Macaca_SWS tr:0.78,Tarsipes_SWS tr:2.22):2.07,Setonix_SWS tr:4.93):3.25,(Macropus_SWS tr:1.70,Homo_SWS sp:1.30):4.25):5.44,(Mus_SWS sp:3.38,Rattus_SWS sp:1.62):6.81):2.44):0.94,(Monodelphis_SWS tr:4.05,Thylamys_SWS tr:3.95):16.19):nan,Danio sp:nan):0.00


